%1994 Northbridge Earthquake
%Time(sec)vs Acceleration in cm/sec^2
Acceleration=[0	-3.004
0.02	-3.425
0.04	-5.664
0.06	-5.234
0.08	-4.409
0.1	-2.501
0.12	-0.315
0.14	-6.961
0.16	-1.645
0.18	0.432
0.2	-3.208
0.22	-4.252
0.24	-1.044
0.26	0.726
0.28	-4.509
0.3	2.699
0.32	3.47
0.34	-5.572
0.36	-12.333
0.38	-13.562
0.4	0.783
0.42	18.589
0.44	1.28
0.46	-19.365
0.48	-22.271
0.5	-1.036
0.52	55.981
0.54	12.662
0.56	-34.327
0.58	-16.896
0.6	5.214
0.62	17.471
0.64	3.474
0.66	-0.985
0.68	-14.385
0.7	-16.706
0.72	3.141
0.74	76.309
0.76	75.552
0.78	-34.146
0.8	-94.645
0.82	-65.1
0.84	129.011
0.86	35.067
0.88	-10.067
0.9	-82.986
0.92	-117.399
0.94	54.572
0.96	2.199
0.98	4.736
1	-58.309
1.02	-8.34
1.04	-75.818
1.06	53.036
1.08	61.238
1.1	1.71
1.12	-63.201
1.14	-53.889
1.16	-2.932
1.18	-14.628
1.2	50.962
1.22	44.061
1.24	-91.559
1.26	44.42
1.28	-38.117
1.3	75.864
1.32	4.598
1.34	-16.918
1.36	19.148
1.38	-70.402
1.4	21.31
1.42	17.763
1.44	-7.481
1.46	-32.558
1.48	-52.247
1.5	11.349
1.52	63.394
1.54	-54.565
1.56	53.292
1.58	20.962
1.6	-13.291
1.62	-53.741
1.64	1.349
1.66	-38.577
1.68	96.264
1.7	-34.017
1.72	48.859
1.74	-11.2
1.76	-49.05
1.78	-1.022
1.8	27.042
1.82	4.44
1.84	63.339
1.86	-117.455
1.88	-43.607
1.9	19.493
1.92	104.545
1.94	26.997
1.96	-47.347
1.98	-74.118
2	70.995
2.02	17.32
2.04	68.367
2.06	3.554
2.08	-5.592
2.1	-75.184
2.12	46.6
2.14	24.485
2.16	20.095
2.18	14.445
2.2	-31.465
2.22	-53.148
2.24	14.258
2.26	-59.886
2.28	-70.255
2.3	-75.017
2.32	13.148
2.34	31.181
2.36	-26.884
2.38	16.119
2.4	42.869
2.42	107.6
2.44	-3.458
2.46	80.564
2.48	110.627
2.5	57.642
2.52	70.928
2.54	-20.24
2.56	-23.333
2.58	-19.956
2.6	-9.099
2.62	29.185
2.64	-3.669
2.66	76.124
2.68	159.374
2.7	202.501
2.72	206.562
2.74	103.616
2.76	20.615
2.78	-9.825
2.8	45.728
2.82	73.467
2.84	-5.225
2.86	-80.542
2.88	-129.801
2.9	-223.862
2.92	-168.458
2.94	5.133
2.96	-148.11
2.98	-206.48
3	-248.022
3.02	-404.494
3.04	-376.258
3.06	-144.033
3.08	-238.969
3.1	-412.273
3.12	-102.063
3.14	94.202
3.16	300.614
3.18	480.283
3.2	534.615
3.22	381.356
3.24	268.076
3.26	-18.851
3.28	-143.102
3.3	-165.374
3.32	-126.659
3.34	-252.498
3.36	-320.124
3.38	-360.243
3.4	-226.658
3.42	-64.652
3.44	52.86
3.46	139.162
3.48	207.355
3.5	388.412
3.52	94.978
3.54	70.373
3.56	216.628
3.58	295.864
3.6	135.314
3.62	16.91
3.64	-273.319
3.66	-94.187
3.68	-371.196
3.7	-348.283
3.72	-274.384
3.74	35.162
3.76	124.437
3.78	358.388
3.8	573.811
3.82	402.395
3.84	160.846
3.86	254.366
3.88	-7.447
3.9	-333.422
3.92	-764.836
3.94	-448.376
3.96	-421.553
3.98	-177.273
4	72.834
4.02	188.804
4.04	318.975
4.06	745.764
4.08	281.809
4.1	26.923
4.12	66.804
4.14	-82.974
4.16	-280.587
4.18	-42.937
4.2	-43.494
4.22	-25.923
4.24	22.392
4.26	-239.922
4.28	176.441
4.3	458.926
4.32	298.11
4.34	199.066
4.36	28.002
4.38	-23.497
4.4	-124.985
4.42	-131.637
4.44	-448.053
4.46	-406.839
4.48	-135.886
4.5	-42.908
4.52	28.964
4.54	157.913
4.56	203.296
4.58	133.538
4.6	40.963
4.62	-123.612
4.64	-12.846
4.66	53.813
4.68	14.101
4.7	-94.927
4.72	-88.234
4.74	-158.533
4.76	191.508
4.78	254.807
4.8	551.626
4.82	550.722
4.84	149.546
4.86	-31.542
4.88	-28.705
4.9	-360.406
4.92	-421.124
4.94	-310.437
4.96	-280.171
4.98	-205.953
5	-112.603
5.02	3.8
5.04	-167.228
5.06	-149.73
5.08	-139.966
5.1	35.788
5.12	173.781
5.14	185.818
5.16	169.254
5.18	299.134
5.2	102.915
5.22	-52.554
5.24	-88.964
5.26	-127.899
5.28	-143.677
5.3	-121.039
5.32	-98.562
5.34	-39.145
5.36	235.852
5.38	232.127
5.4	146.441
5.42	41.417
5.44	5.957
5.46	4.258
5.48	43.936
5.5	65.961
5.52	154.076
5.54	-19.503
5.56	-119.221
5.58	-110.72
5.6	-81.528
5.62	-71.37
5.64	-165.612
5.66	-69.281
5.68	-68.112
5.7	-153.225
5.72	-202.639
5.74	-51.906
5.76	18.187
5.78	-174.023
5.8	-270.431
5.82	368.108
5.84	747.379
5.86	781.354
5.88	376.797
5.9	300.006
5.92	221.194
5.94	183.259
5.96	103.3
5.98	40.376
6	-254.439
6.02	-1305.325
6.04	-369.283
6.06	58.624
6.08	-179.219
6.1	47.156
6.12	-139.894
6.14	-208.268
6.16	336.01
6.18	249.846
6.2	676.559
6.22	829.275
6.24	546.868
6.26	130.208
6.28	107.468
6.3	-235.503
6.32	-218.759
6.34	-180.296
6.36	-213.99
6.38	-712.027
6.4	-190.211
6.42	623.166
6.44	359.68
6.46	-71.906
6.48	-83.035
6.5	-175.726
6.52	-357.131
6.54	-577.399
6.56	-1073.125
6.58	-78.758
6.6	-492.459
6.62	-326.496
6.64	55.874
6.66	298.979
6.68	538.6
6.7	659.657
6.72	594.519
6.74	659.198
6.76	541.296
6.78	340.079
6.8	417.83
6.82	379.811
6.84	333.124
6.86	-307.472
6.88	-972.459
6.9	-1391.105
6.92	-1527.709
6.94	-1411.372
6.96	-337.358
6.98	-283.588
7	255.095
7.02	416.145
7.04	311.539
7.06	-12.326
7.08	-132.753
7.1	-100.992
7.12	-243.45
7.14	-563.973
7.16	-700.103
7.18	-671.115
7.2	-257.11
7.22	-12.019
7.24	-290.643
7.26	-231.892
7.28	697.773
7.3	1744.533
7.32	1162.303
7.34	1057.632
7.36	593.765
7.38	576.044
7.4	417.184
7.42	281.368
7.44	418.241
7.46	551.467
7.48	478.55
7.5	280.541
7.52	103.02
7.54	-615.588
7.56	-1092.167
7.58	-401.623
7.6	-186.6
7.62	-396.13
7.64	16.799
7.66	268.169
7.68	37.746
7.7	49.424
7.72	116.337
7.74	342.993
7.76	580.76
7.78	612.925
7.8	210.18
7.82	-30.434
7.84	59.518
7.86	-170.074
7.88	-291.437
7.9	-349.382
7.92	-332.588
7.94	-94.462
7.96	61.031
7.98	8.676
8	44.468
8.02	56.176
8.04	13.089
8.06	-57.896
8.08	-166.931
8.1	-244.76
8.12	-382.715
8.14	-265.868
8.16	-186.522
8.18	-152.16
8.2	-59.718
8.22	-14.092
8.24	-50.282
8.26	-96.779
8.28	-112.159
8.3	87.516
8.32	249.4
8.34	128.219
8.36	91.182
8.38	62.906
8.4	19.854
8.42	-33.201
8.44	172.063
8.46	85.809
8.48	-64.517
8.5	-124.513
8.52	5.219
8.54	288.98
8.56	204.56
8.58	121.274
8.6	23.007
8.62	-64.086
8.64	-81.09
8.66	-152.864
8.68	-423.348
8.7	-48.094
8.72	115.068
8.74	213.902
8.76	391.088
8.78	513.61
8.8	532.351
8.82	112.432
8.84	193.266
8.86	160.222
8.88	-50.676
8.9	-293.055
8.92	-379.068
8.94	-239.218
8.96	-94.096
8.98	-150.345
9	-24.376
9.02	222.355
9.04	403.039
9.06	525.095
9.08	333.432
9.1	165.704
9.12	212.198
9.14	31.046
9.16	-181.131
9.18	-329.997
9.2	-386.21
9.22	-551.148
9.24	75.172
9.26	-279.264
9.28	-391.266
9.3	-421.589
9.32	-479.473
9.34	-307.143
9.36	-52.287
9.38	859.863
9.4	1196.323
9.42	641.861
9.44	229.144
9.46	46.874
9.48	297.904
9.5	544.227
9.52	339.927
9.54	114.324
9.56	-197.75
9.58	-808.068
9.6	-1078.999
9.62	-631.345
9.64	-370.768
9.66	-523.47
9.68	-365.852
9.7	-116.121
9.72	-51.618
9.74	126.844
9.76	265.08
9.78	418.319
9.8	370.261
9.82	-11.95
9.84	318.688
9.86	449.666
9.88	345.706
9.9	174.804
9.92	88.056
9.94	-243.536
9.96	-791.885
9.98	-1121.363
10	-671.335
10.02	-237.728
10.04	-252.853
10.06	-101.267
10.08	-2.414
10.1	57.349
10.12	80.652
10.14	72.148
10.16	70.72
10.18	30.876
10.2	88.37
10.22	294.799
10.24	392.724
10.26	273.904
10.28	20.75
10.3	-129.947
10.32	-127.846
10.34	-80.737
10.36	82.45
10.38	76.384
10.4	81.091
10.42	14.468
10.44	-45.148
10.46	-87.006
10.48	-180.891
10.5	-220.887
10.52	-110.962
10.54	-16.531
10.56	-25.776
10.58	61.407
10.6	91.553
10.62	101.416
10.64	170.659
10.66	179.269
10.68	225.541
10.7	251.967
10.72	251.568
10.74	257.902
10.76	193.794
10.78	109.797
10.8	101.643
10.82	65.229
10.84	-11.335
10.86	-188.932
10.88	-354.784
10.9	-221.337
10.92	-5.162
10.94	-171.043
10.96	-186.714
10.98	-162.6
11	-129.041
11.02	-134.571
11.04	-88.916
11.06	83.978
11.08	76.499
11.1	27.516
11.12	-37.164
11.14	-99.036
11.16	-136.723
11.18	-173.15
11.2	-155.503
11.22	-46.166
11.24	59.903
11.26	138.331
11.28	205.982
11.3	283.893
11.32	325.962
11.34	295.625
11.36	151.104
11.38	22.323
11.4	-61.864
11.42	-176.543
11.44	-288.766
11.46	-349.97
11.48	-292.506
